Valores de fuzzy_image después de la actualización:
[[0.0000000000 0.0000000000 0.0000000000 ... 0.0000000000 0.0000000000
  0.0000000000]
 [0.0000000000 0.5000000000 0.5000000000 ... 0.5000000000 0.5000000000
  0.5000000000]
 [0.0000000000 0.5000000000 0.5000000000 ... 0.5000000000 0.5000000000
  0.5000000000]
 ...
 [0.0000000000 0.0000000000 0.5000000000 ... 0.0000000000 0.0000000000
  0.0000000000]
 [0.0000000000 0.0000000000 0.0000000000 ... 0.0000000000 0.0000000000
  0.0000000000]
 [0.0000000000 0.0000000000 0.0000000000 ... 0.0000000000 0.0000000000
  0.0000000000]]
