Vecino 0:
Valores para low:
[[1.         1.         1.         ... 1.         1.         1.        ]
 [1.         0.         0.         ... 0.         0.         0.        ]
 [1.         0.         0.         ... 0.         0.         0.        ]
 ...
 [1.         0.19448549 0.18634051 ... 0.2985497  0.3077427  0.34016627]
 [1.         0.25988418 0.28206676 ... 0.28026497 0.1975283  0.13108164]
 [1.         0.287463   0.22311234 ... 0.4201542  0.4201542  0.38338238]]

Valores para medium:
[[0.         0.         0.         ... 0.         0.         0.        ]
 [0.         0.58945674 0.5617697  ... 0.24923849 0.27692547 0.3322998 ]
 [0.         0.61113566 0.5834487  ... 0.24923849 0.27692547 0.30461282]
 ...
 [0.         0.42602018 0.45055094 ... 0.11260322 0.08491606 0.        ]
 [0.         0.2290547  0.16224599 ... 0.16767254 0.41685593 0.61697763]
 [0.         0.14599375 0.33980283 ... 0.         0.         0.        ]]

Valores para high:
[[0.         0.         0.         ... 0.         0.         0.        ]
 [0.         0.13240695 0.1415999  ... 0.24537003 0.23617709 0.21779108]
 [0.         0.12520885 0.1344018  ... 0.24537003 0.23617709 0.22698402]
 ...
 [0.         0.         0.         ... 0.         0.         0.        ]
 [0.         0.         0.         ... 0.         0.         0.        ]
 [0.         0.         0.         ... 0.         0.         0.        ]]

Vecino 1:
Valores para low:
[[1.         1.         1.         ... 1.         1.         1.        ]
 [0.         0.         0.         ... 0.         0.         0.        ]
 [0.         0.         0.         ... 0.         0.         0.        ]
 ...
 [0.19448549 0.18634051 0.17609954 ... 0.3077427  0.34016627 0.37788498]
 [0.25988418 0.28206676 0.25978303 ... 0.1975283  0.13108164 0.13697433]
 [0.287463   0.22311234 0.20462531 ... 0.4201542  0.38338238 0.34451455]]

Valores para medium:
[[0.         0.         0.         ... 0.         0.         0.        ]
 [0.58945674 0.5617697  0.55183    ... 0.27692547 0.3322998  0.3322998 ]
 [0.61113566 0.5834487  0.52807474 ... 0.27692547 0.30461282 0.3322998 ]
 ...
 [0.42602018 0.45055094 0.48139432 ... 0.08491606 0.         0.        ]
 [0.2290547  0.16224599 0.22935934 ... 0.41685593 0.61697763 0.59923023]
 [0.14599375 0.33980283 0.39548144 ... 0.         0.         0.        ]]

Valores para high:
[[0.         0.         0.         ... 0.         0.         0.        ]
 [0.13240695 0.1415999  0.1449002  ... 0.23617709 0.21779108 0.21779108]
 [0.12520885 0.1344018  0.15278769 ... 0.23617709 0.22698402 0.21779108]
 ...
 [0.         0.         0.         ... 0.         0.         0.        ]
 [0.         0.         0.         ... 0.         0.         0.        ]
 [0.         0.         0.         ... 0.         0.         0.        ]]

Vecino 2:
Valores para low:
[[1.         1.         1.         ... 1.         1.         1.        ]
 [0.         0.         0.         ... 0.         0.         0.        ]
 [0.         0.         0.         ... 0.         0.         0.        ]
 ...
 [0.18634051 0.17609954 0.15771365 ... 0.34016627 0.37788498 0.43579143]
 [0.28206676 0.25978303 0.25978303 ... 0.13108164 0.13697433 0.19213206]
 [0.22311234 0.20462531 0.26897597 ... 0.38338238 0.34451455 0.31693566]]

Valores para medium:
[[0.         0.         0.         ... 0.         0.         0.        ]
 [0.5617697  0.55183    0.524143   ... 0.3322998  0.3322998  0.38767377]
 [0.5834487  0.52807474 0.47270077 ... 0.30461282 0.3322998  0.35998678]
 ...
 [0.45055094 0.48139432 0.5367683  ... 0.         0.         0.        ]
 [0.16224599 0.22935934 0.22935934 ... 0.61697763 0.59923023 0.43310815]
 [0.33980283 0.39548144 0.20167236 ... 0.         0.         0.05722908]]

Valores para high:
[[0.         0.         0.         ... 0.         0.         0.        ]
 [0.1415999  0.1449002  0.15409315 ... 0.21779108 0.21779108 0.1994052 ]
 [0.1344018  0.15278769 0.17117357 ... 0.22698402 0.21779108 0.20859814]
 ...
 [0.         0.         0.         ... 0.         0.         0.        ]
 [0.         0.         0.         ... 0.         0.         0.        ]
 [0.         0.         0.         ... 0.         0.         0.        ]]

Vecino 3:
Valores para low:
[[1.         0.         0.         ... 0.         0.         0.        ]
 [1.         0.         0.         ... 0.         0.         0.        ]
 [1.         0.         0.         ... 0.         0.         0.        ]
 ...
 [1.         0.25988418 0.28206676 ... 0.28026497 0.1975283  0.13108164]
 [1.         0.287463   0.22311234 ... 0.4201542  0.4201542  0.38338238]
 [1.         0.51907957 0.43379653 ... 0.24339199 0.28016382 0.33741754]]

Valores para medium:
[[0.         0.58945674 0.5617697  ... 0.24923849 0.27692547 0.3322998 ]
 [0.         0.61113566 0.5834487  ... 0.24923849 0.27692547 0.30461282]
 [0.         0.6082839  0.5805969  ... 0.19386452 0.22155151 0.27692547]
 ...
 [0.         0.2290547  0.16224599 ... 0.16767254 0.41685593 0.61697763]
 [0.         0.14599375 0.33980283 ... 0.         0.         0.        ]
 [0.         0.         0.         ... 0.2787253  0.16797718 0.        ]]

Valores para high:
[[0.         0.13240695 0.1415999  ... 0.24537003 0.23617709 0.21779108]
 [0.         0.12520885 0.1344018  ... 0.24537003 0.23617709 0.22698402]
 [0.         0.12615573 0.13534868 ... 0.26375592 0.25456297 0.23617709]
 ...
 [0.         0.         0.         ... 0.         0.         0.        ]
 [0.         0.         0.         ... 0.         0.         0.        ]
 [0.         0.         0.         ... 0.         0.         0.        ]]

Vecino 4:
Valores para low:
[[0.         0.         0.         ... 0.         0.         0.        ]
 [0.         0.         0.         ... 0.         0.         0.        ]
 [0.         0.         0.         ... 0.         0.         0.        ]
 ...
 [0.25988418 0.28206676 0.25978303 ... 0.1975283  0.13108164 0.13697433]
 [0.287463   0.22311234 0.20462531 ... 0.4201542  0.38338238 0.34451455]
 [0.51907957 0.43379653 0.287463   ... 0.28016382 0.33741754 0.37418938]]

Valores para medium:
[[0.58945674 0.5617697  0.55183    ... 0.27692547 0.3322998  0.3322998 ]
 [0.61113566 0.5834487  0.52807474 ... 0.27692547 0.30461282 0.3322998 ]
 [0.6082839  0.5805969  0.52522296 ... 0.22155151 0.27692547 0.27692547]
 ...
 [0.2290547  0.16224599 0.22935934 ... 0.41685593 0.61697763 0.59923023]
 [0.14599375 0.33980283 0.39548144 ... 0.         0.         0.        ]
 [0.         0.         0.14599375 ... 0.16797718 0.         0.        ]]

Valores para high:
[[0.13240695 0.1415999  0.1449002  ... 0.23617709 0.21779108 0.21779108]
 [0.12520885 0.1344018  0.15278769 ... 0.23617709 0.22698402 0.21779108]
 [0.12615573 0.13534868 0.15373456 ... 0.25456297 0.23617709 0.23617709]
 ...
 [0.         0.         0.         ... 0.         0.         0.        ]
 [0.         0.         0.         ... 0.         0.         0.        ]
 [0.         0.         0.         ... 0.         0.         0.        ]]

Vecino 5:
Valores para low:
[[0.         0.         0.         ... 0.         0.         0.        ]
 [0.         0.         0.         ... 0.         0.         0.        ]
 [0.         0.         0.         ... 0.         0.         0.        ]
 ...
 [0.28206676 0.25978303 0.25978303 ... 0.13108164 0.13697433 0.19213206]
 [0.22311234 0.20462531 0.26897597 ... 0.38338238 0.34451455 0.31693566]
 [0.43379653 0.287463   0.21391934 ... 0.33741754 0.37418938 0.3558035 ]]

Valores para medium:
[[0.5617697  0.55183    0.524143   ... 0.3322998  0.3322998  0.38767377]
 [0.5834487  0.52807474 0.47270077 ... 0.30461282 0.3322998  0.35998678]
 [0.5805969  0.52522296 0.469849   ... 0.27692547 0.27692547 0.3322998 ]
 ...
 [0.16224599 0.22935934 0.22935934 ... 0.61697763 0.59923023 0.43310815]
 [0.33980283 0.39548144 0.20167236 ... 0.         0.         0.05722908]
 [0.         0.14599375 0.36749    ... 0.         0.         0.        ]]

Valores para high:
[[0.1415999  0.1449002  0.15409315 ... 0.21779108 0.21779108 0.1994052 ]
 [0.1344018  0.15278769 0.17117357 ... 0.22698402 0.21779108 0.20859814]
 [0.13534868 0.15373456 0.17212045 ... 0.23617709 0.23617709 0.21779108]
 ...
 [0.         0.         0.         ... 0.         0.         0.        ]
 [0.         0.         0.         ... 0.         0.         0.        ]
 [0.         0.         0.         ... 0.         0.         0.        ]]

Vecino 6:
Valores para low:
[[1.         0.         0.         ... 0.         0.         0.        ]
 [1.         0.         0.         ... 0.         0.         0.        ]
 [1.         0.         0.         ... 0.         0.         0.        ]
 ...
 [1.         0.287463   0.22311234 ... 0.4201542  0.4201542  0.38338238]
 [1.         0.51907957 0.43379653 ... 0.24339199 0.28016382 0.33741754]
 [1.         0.33977097 0.37929147 ... 0.5005374  0.4351387  0.3698411 ]]

Valores para medium:
[[0.         0.61113566 0.5834487  ... 0.24923849 0.27692547 0.30461282]
 [0.         0.6082839  0.5805969  ... 0.19386452 0.22155151 0.27692547]
 [0.         0.5805969  0.5805969  ... 0.16617754 0.22155151 0.22155151]
 ...
 [0.         0.14599375 0.33980283 ... 0.         0.         0.        ]
 [0.         0.         0.         ... 0.2787253  0.16797718 0.        ]
 [0.         0.         0.         ... 0.         0.         0.        ]]

Valores para high:
[[0.         0.12520885 0.1344018  ... 0.24537003 0.23617709 0.22698402]
 [0.         0.12615573 0.13534868 ... 0.26375592 0.25456297 0.23617709]
 [0.         0.13534868 0.13534868 ... 0.27294886 0.25456297 0.25456297]
 ...
 [0.         0.         0.         ... 0.         0.         0.        ]
 [0.         0.         0.         ... 0.         0.         0.        ]
 [0.         0.         0.         ... 0.         0.         0.        ]]

Vecino 7:
Valores para low:
[[0.         0.         0.         ... 0.         0.         0.        ]
 [0.         0.         0.         ... 0.         0.         0.        ]
 [0.         0.         0.         ... 0.         0.         0.        ]
 ...
 [0.287463   0.22311234 0.20462531 ... 0.4201542  0.38338238 0.34451455]
 [0.51907957 0.43379653 0.287463   ... 0.28016382 0.33741754 0.37418938]
 [0.33977097 0.37929147 0.34841233 ... 0.4351387  0.3698411  0.34121424]]

Valores para medium:
[[0.61113566 0.5834487  0.52807474 ... 0.27692547 0.30461282 0.3322998 ]
 [0.6082839  0.5805969  0.52522296 ... 0.22155151 0.27692547 0.27692547]
 [0.5805969  0.5805969  0.52522296 ... 0.22155151 0.22155151 0.27692547]
 ...
 [0.14599375 0.33980283 0.39548144 ... 0.         0.         0.        ]
 [0.         0.         0.14599375 ... 0.16797718 0.         0.        ]
 [0.         0.         0.         ... 0.         0.         0.        ]]

Valores para high:
[[0.12520885 0.1344018  0.15278769 ... 0.23617709 0.22698402 0.21779108]
 [0.12615573 0.13534868 0.15373456 ... 0.25456297 0.23617709 0.23617709]
 [0.13534868 0.13534868 0.15373456 ... 0.25456297 0.25456297 0.23617709]
 ...
 [0.         0.         0.         ... 0.         0.         0.        ]
 [0.         0.         0.         ... 0.         0.         0.        ]
 [0.         0.         0.         ... 0.         0.         0.        ]]

Vecino 8:
Valores para low:
[[0.         0.         0.         ... 0.         0.         0.        ]
 [0.         0.         0.         ... 0.         0.         0.        ]
 [0.         0.         0.         ... 0.         0.         0.        ]
 ...
 [0.22311234 0.20462531 0.26897597 ... 0.38338238 0.34451455 0.31693566]
 [0.43379653 0.287463   0.21391934 ... 0.33741754 0.37418938 0.3558035 ]
 [0.37929147 0.34841233 0.33437473 ... 0.3698411  0.34121424 0.34556252]]

Valores para medium:
[[0.5834487  0.52807474 0.47270077 ... 0.30461282 0.3322998  0.35998678]
 [0.5805969  0.52522296 0.469849   ... 0.27692547 0.27692547 0.3322998 ]
 [0.5805969  0.52522296 0.469849   ... 0.22155151 0.27692547 0.3322998 ]
 ...
 [0.33980283 0.39548144 0.20167236 ... 0.         0.         0.05722908]
 [0.         0.14599375 0.36749    ... 0.         0.         0.        ]
 [0.         0.         0.00470671 ... 0.         0.         0.        ]]

Valores para high:
[[0.1344018  0.15278769 0.17117357 ... 0.22698402 0.21779108 0.20859814]
 [0.13534868 0.15373456 0.17212045 ... 0.23617709 0.23617709 0.21779108]
 [0.13534868 0.15373456 0.17212045 ... 0.25456297 0.23617709 0.21779108]
 ...
 [0.         0.         0.         ... 0.         0.         0.        ]
 [0.         0.         0.         ... 0.         0.         0.        ]
 [0.         0.         0.         ... 0.         0.         0.        ]]

